0 0.855867 0.772727 0.012755 0.034091
0 0.876913 0.772727 0.019133 0.056818
0 0.888393 0.636364 0.019133 0.090909
0 0.915816 0.659091 0.020408 0.113636
0 0.945153 0.363636 0.012755 0.068182
0 0.941327 0.437500 0.017857 0.102273
0 0.934311 0.303977 0.016582 0.107955
2 0.950255 0.411932 0.066327 0.642045
2 0.039541 0.795455 0.079082 0.295455
1 0.234694 0.454545 0.122449 0.545455
2 0.460459 0.272727 0.051020 0.181818
1 0.378189 0.457386 0.062500 0.244318
3 0.541454 0.562500 0.021684 0.056818
3 0.722577 0.352273 0.095663 0.375000
3 0.796556 0.321023 0.019133 0.142045
3 0.779337 0.514205 0.030612 0.096591
