3 0.081081 0.624242 0.064350 0.193939
2 0.970399 0.548485 0.043758 0.406061
1 0.618404 0.763636 0.032175 0.169697
0 0.261261 0.193939 0.018018 0.072727
0 0.286358 0.215152 0.019305 0.078788
0 0.293436 0.306061 0.023166 0.127273
0 0.317889 0.254545 0.023166 0.072727
0 0.322394 0.403030 0.021879 0.103030
0 0.315959 0.524242 0.027027 0.090909
0 0.332046 0.633333 0.033462 0.163636
0 0.348777 0.524242 0.020592 0.090909
0 0.370656 0.554545 0.025740 0.127273
0 0.388674 0.557576 0.010296 0.072727
0 0.396396 0.609091 0.015444 0.054545
0 0.402831 0.524242 0.018018 0.078788
0 0.431145 0.542424 0.012870 0.066667
0 0.430502 0.481818 0.016731 0.078788
0 0.423423 0.363636 0.018018 0.084848
0 0.402188 0.351515 0.021879 0.096970
0 0.409266 0.460606 0.020592 0.109091
0 0.355856 0.336364 0.019305 0.078788
0 0.379022 0.357576 0.019305 0.084848
0 0.356499 0.424242 0.015444 0.096970
0 0.371300 0.415152 0.019305 0.090909
1 0.503861 0.533333 0.078507 0.315152
1 0.686615 0.469697 0.042471 0.200000
1 0.749678 0.415152 0.045045 0.200000
3 0.787001 0.527273 0.029601 0.109091
1 0.851351 0.527273 0.057915 0.278788
2 0.036036 0.663636 0.054054 0.333333
