1 0.180432 0.445312 0.124524 0.411458
0 0.057179 0.669271 0.015248 0.067708
0 0.075604 0.747396 0.016518 0.057292
0 0.094028 0.703125 0.017789 0.052083
0 0.082592 0.635417 0.015248 0.072917
2 0.034943 0.619792 0.062262 0.468750
3 0.331639 0.403646 0.088945 0.380208
0 0.906607 0.166667 0.036849 0.156250
0 0.619441 0.325521 0.019060 0.088542
0 0.567980 0.312500 0.020330 0.072917
0 0.544473 0.276042 0.024142 0.114583
3 0.459975 0.447917 0.027954 0.135417
3 0.486023 0.544271 0.031766 0.171875
3 0.547649 0.411458 0.017789 0.083333
3 0.743329 0.382812 0.066074 0.328125
3 0.817662 0.424479 0.021601 0.109375
3 0.816391 0.604167 0.016518 0.072917
2 0.965057 0.520833 0.036849 0.385417
0 0.773189 0.114583 0.013977 0.041667
