1 0.182973 0.419271 0.142313 0.380208
2 0.027954 0.507812 0.045743 0.307292
1 0.729352 0.614583 0.040661 0.093750
2 0.968869 0.747396 0.059720 0.307292
1 0.321474 0.458333 0.027954 0.125000
1 0.595299 0.434896 0.092757 0.244792
3 0.712834 0.479167 0.020330 0.093750
3 0.814485 0.476562 0.048285 0.192708
1 0.940280 0.416667 0.020330 0.114583
0 0.229987 0.664062 0.017789 0.067708
0 0.273189 0.721354 0.022872 0.057292
1 0.277637 0.343750 0.059720 0.197917
1 0.406607 0.411458 0.045743 0.218750
1 0.479670 0.403646 0.049555 0.203125
