1 0.154545 0.428218 0.098701 0.509901
2 0.150000 0.621287 0.235065 0.361386
3 0.391558 0.500000 0.068831 0.277228
0 0.248052 0.220297 0.018182 0.054455
0 0.262338 0.257426 0.015584 0.049505
0 0.279870 0.287129 0.022078 0.069307
0 0.301948 0.334158 0.022078 0.054455
0 0.270779 0.314356 0.019481 0.084158
0 0.421429 0.250000 0.027273 0.094059
3 0.918182 0.584158 0.046753 0.168317
3 0.853247 0.420792 0.025974 0.089109
3 0.876623 0.589109 0.025974 0.108911
2 0.983766 0.712871 0.029870 0.425743
3 0.765584 0.611386 0.024675 0.113861
3 0.892208 0.712871 0.038961 0.079208
3 0.700649 0.616337 0.029870 0.103960
3 0.609740 0.532178 0.037662 0.163366
3 0.072078 0.554455 0.019481 0.069307
0 0.877922 0.230198 0.015584 0.054455
