2 0.046497 0.593909 0.064968 0.253807
3 0.139490 0.434010 0.029299 0.126904
3 0.250318 0.484772 0.016561 0.086294
3 0.278981 0.494924 0.015287 0.076142
3 0.314650 0.474619 0.035669 0.147208
3 0.412102 0.487310 0.044586 0.121827
3 0.575159 0.431472 0.024204 0.101523
1 0.675159 0.527919 0.068790 0.213198
1 0.888535 0.464467 0.029299 0.137056
1 0.921656 0.520305 0.029299 0.137056
3 0.754777 0.515228 0.034395 0.147208
3 0.791720 0.456853 0.016561 0.101523
3 0.813376 0.428934 0.016561 0.076142
3 0.335669 0.258883 0.049682 0.243655
2 0.959236 0.761421 0.056051 0.213198
