1 0.109195 0.430052 0.047254 0.227979
1 0.188378 0.445596 0.108557 0.279793
1 0.344189 0.445596 0.057471 0.259067
3 0.507663 0.611399 0.060026 0.248705
3 0.576628 0.409326 0.085568 0.300518
3 0.791826 0.512953 0.058748 0.196891
3 0.393359 0.450777 0.025543 0.103627
2 0.970626 0.696891 0.053640 0.502591
1 0.894636 0.774611 0.021711 0.098446
1 0.863985 0.932642 0.026820 0.082902
2 0.871648 0.339378 0.131545 0.202073
0 0.136654 0.696891 0.025543 0.077720
2 0.151341 0.655440 0.279693 0.398964
3 0.978927 0.681347 0.021711 0.077720
3 0.968710 0.779793 0.016603 0.129534
