1 0.246819 0.442308 0.145038 0.326923
0 0.068066 0.576923 0.011450 0.048077
0 0.060433 0.334135 0.011450 0.052885
0 0.066158 0.252404 0.015267 0.052885
2 0.087786 0.444712 0.117048 0.591346
0 0.199109 0.644231 0.011450 0.038462
0 0.213740 0.627404 0.015267 0.033654
2 0.970102 0.740385 0.049618 0.288462
3 0.739822 0.495192 0.062341 0.153846
3 0.535623 0.487981 0.025445 0.081731
3 0.540076 0.567308 0.024173 0.076923
3 0.640585 0.514423 0.041985 0.125000
0 0.246183 0.730769 0.016539 0.038462
1 0.164122 0.762019 0.010178 0.033654
1 0.744275 0.870192 0.012723 0.048077
3 0.921756 0.819712 0.011450 0.033654
