1 0.076016 0.580460 0.138925 0.482759
3 0.509830 0.347701 0.120577 0.419540
0 0.391874 0.568966 0.010485 0.068966
0 0.407602 0.408046 0.020970 0.114943
0 0.430537 0.468391 0.022280 0.120690
0 0.408912 0.517241 0.023591 0.091954
0 0.950852 0.459770 0.019659 0.114943
0 0.961992 0.511494 0.010485 0.057471
0 0.954128 0.580460 0.010485 0.057471
0 0.940367 0.577586 0.022280 0.120690
0 0.853211 0.554598 0.023591 0.086207
0 0.860419 0.454023 0.032765 0.172414
1 0.914155 0.238506 0.019659 0.074713
2 0.981651 0.629310 0.023591 0.224138
3 0.669725 0.362069 0.015727 0.091954
3 0.762123 0.442529 0.019659 0.091954
3 0.811927 0.600575 0.014417 0.063218
