1 0.108040 0.393035 0.062814 0.218905
3 0.105528 0.629353 0.042714 0.134328
1 0.079774 0.853234 0.031407 0.134328
3 0.326005 0.517413 0.051508 0.119403
0 0.684045 0.574627 0.054020 0.154229
2 0.329774 0.823383 0.292714 0.164179
2 0.968593 0.574627 0.047739 0.333333
3 0.886935 0.833333 0.017588 0.054726
3 0.682789 0.584577 0.018844 0.054726
3 0.360553 0.810945 0.032663 0.069652
3 0.438442 0.800995 0.050251 0.099502
3 0.394472 0.808458 0.022613 0.054726
3 0.331030 0.805970 0.023869 0.059701
3 0.305905 0.810945 0.021357 0.059701
