2 0.050781 0.655440 0.101562 0.398964
2 0.299479 0.642487 0.320312 0.373057
1 0.806641 0.471503 0.037760 0.124352
3 0.586589 0.290155 0.029948 0.113990
1 0.507812 0.512953 0.023438 0.103627
3 0.872396 0.559585 0.044271 0.176166
2 0.974609 0.678756 0.048177 0.497409
3 0.685547 0.528497 0.045573 0.134715
3 0.356120 0.406736 0.037760 0.181347
3 0.293620 0.417098 0.074219 0.222798
3 0.054688 0.541451 0.020833 0.077720
3 0.390625 0.769430 0.028646 0.098446
3 0.363932 0.792746 0.011719 0.041451
3 0.530599 0.733161 0.022135 0.088083
