2 0.025641 0.520942 0.038462 0.340314
2 0.238462 0.829843 0.233333 0.214660
2 0.430128 0.869110 0.103846 0.178010
1 0.901282 0.410995 0.017949 0.089005
3 0.883333 0.609948 0.041026 0.162304
3 0.746154 0.479058 0.028205 0.120419
1 0.511538 0.617801 0.015385 0.104712
1 0.139744 0.447644 0.146154 0.413613
3 0.302564 0.405759 0.038462 0.162304
3 0.351282 0.324607 0.035897 0.157068
1 0.467949 0.481675 0.110256 0.261780
1 0.579487 0.468586 0.074359 0.235602
2 0.754487 0.167539 0.157692 0.157068
1 0.950641 0.785340 0.011538 0.052356
