1 0.164935 0.386010 0.155844 0.388601
2 0.818182 0.792746 0.101299 0.238342
2 0.975974 0.686528 0.045455 0.378238
0 0.038961 0.357513 0.010390 0.051813
0 0.085065 0.168394 0.014286 0.056995
0 0.098052 0.152850 0.009091 0.056995
0 0.119481 0.139896 0.023377 0.062176
0 0.153247 0.132124 0.015584 0.056995
0 0.037662 0.295337 0.012987 0.062176
1 0.078571 0.261658 0.016883 0.088083
1 0.053896 0.344560 0.019481 0.088083
1 0.065584 0.515544 0.016883 0.108808
1 0.879870 0.572539 0.050649 0.170984
3 0.446753 0.411917 0.062338 0.378238
3 0.588312 0.430052 0.075325 0.362694
3 0.752597 0.466321 0.074026 0.196891
3 0.514935 0.391192 0.061039 0.243523
3 0.407143 0.388601 0.032468 0.124352
2 0.018831 0.417098 0.037662 0.471503
0 0.987013 0.463731 0.012987 0.077720
0 0.978571 0.523316 0.011688 0.082902
