0 0.102185 0.779570 0.014139 0.075269
0 0.077763 0.760753 0.014139 0.059140
2 0.037275 0.650538 0.069409 0.591398
2 0.473650 0.766129 0.358612 0.198925
3 0.415167 0.225806 0.053985 0.204301
3 0.684447 0.220430 0.080977 0.268817
1 0.202442 0.489247 0.170951 0.322581
3 0.587404 0.268817 0.041131 0.107527
3 0.600900 0.373656 0.039846 0.112903
2 0.967224 0.521505 0.044987 0.365591
3 0.589332 0.790323 0.060411 0.129032
3 0.500643 0.801075 0.034704 0.107527
3 0.446015 0.798387 0.066838 0.091398
3 0.372108 0.817204 0.057841 0.075269
