3 0.073062 0.485646 0.077510 0.215311
3 0.076874 0.662679 0.039390 0.129187
1 0.722999 0.794258 0.038119 0.114833
1 0.864676 0.758373 0.019060 0.090909
1 0.477764 0.540670 0.050826 0.162679
2 0.275095 0.600478 0.057179 0.196172
1 0.763024 0.464115 0.057179 0.200957
3 0.798602 0.433014 0.021601 0.110048
3 0.824015 0.409091 0.021601 0.081340
3 0.836086 0.509569 0.017789 0.081340
2 0.957433 0.571770 0.034307 0.224880
2 0.105464 0.724880 0.160102 0.291866
1 0.842440 0.873206 0.017789 0.062201
1 0.810673 0.825359 0.017789 0.052632
1 0.805591 0.906699 0.015248 0.052632
