3 0.364464 0.524684 0.0510585 0.423569
3 0.0520841 0.738748 0.0670644 0.409355
3 0.755789 0.347893 0.0181229 0.179255
3 0.0509703 0.70881 0.0645109 0.227189
3 0.627296 0.59961 0.0750238 0.44769
3 0.265837 0.548003 0.0173822 0.174341
3 0.713395 0.632983 0.0578398 0.481623
3 0.495436 0.46176 0.0191729 0.152739
3 0.410631 0.521411 0.0306976 0.368104
3 0.363061 0.488594 0.0358931 0.387547
3 0.410511 0.385355 0.0175545 0.118221
3 0.00473928 0.425886 0.00946622 0.169779
3 0.481903 0.184419 0.0257416 0.178232
3 0.0552249 0.694809 0.0548214 0.186743
