1 0.939159 0.400905 0.118138 0.445754
3 0.37103 0.271323 0.0814658 0.265155
3 0.239896 0.381002 0.0574806 0.367235
3 0.2426 0.544905 0.0819057 0.677738
3 0.549632 0.203254 0.0401964 0.129563
3 0.743672 0.215241 0.0701735 0.170917
3 0.241693 0.295067 0.0487343 0.196044
3 0.677266 0.217443 0.0402267 0.110104
2 0.940212 0.399815 0.118458 0.445665
3 0.248561 0.722559 0.0717842 0.316938
2 0.376467 0.279733 0.0975719 0.2827
3 0.551712 0.191233 0.0572918 0.16407
3 0.740285 0.52381 0.0141472 0.076296
0 0.54668 0.201046 0.0369176 0.125348
3 0.388557 0.649128 0.0160454 0.0752435
3 0.405896 0.579864 0.0129488 0.0591607
1 0.836136 0.538672 0.0140299 0.0705021
3 0.00709053 0.418348 0.0141243 0.568715
1 0.893009 0.134561 0.0566461 0.263642
3 0.67785 0.207439 0.0452557 0.143593
3 0.251545 0.762523 0.0661315 0.224623
3 0.891183 0.127566 0.0556584 0.255132
3 0.0148453 0.395305 0.0296905 0.630945
